858
799
53
251
557
403
623
707
650
884
360
894
816
787
685
724
740
937
566
135
117
0
582
13
347
84
797
491
696
372
188
68
760
232
5
857
585
303
773
15
640
875
48
819
571
495
258
450
350
152
357
810
838
318
203
544
663
798
250
830
9
14
934
572
207
464
253
51
782
479
74
454
73
311
919
60
564
648
856
658
552
471
622
734
274
924
149
520
803
817
18
153
692
647
917
769
860
443
91
369
238
625
556
264
93
290
114
175
351
603
824
891
750
380
602
282
296
377
233
915
345
755
576
129
519
240
812
835
451
83
775
432
367
342
316
573
852
609
87
334
429
629
730
682
324
241
64
818
711
218
705
905
752
465
228
832
718
693
409
16
751
567
477
383
400
157
191
266
480
784
837
505
320
56
6
95
831
911
328
814
859
903
847
834
326
578
942
883
725
181
256
408
483
26
863
577
419
49
185
675
362
375
100
88
3
674
570
86
59
728
839
840
539
34
376
907
791
820
252
645
657
130
99
904
535
748
523
46
795
205
411
888
611
273
785
631
844
354
2
458
735
109
845
379
920
777
398
610
606
584
217
608
186
829
399
941
167
456
162
484
82
78
482
741
869
247
201
478
467
392
616
822
287
224
442
305
220
776
927
652
57
698
168
200
115
231
756
710
71
921
457
732
744
604
365
764
85
151
236
235
285
613
338
801
522
40
47
587
259
714
472
439
72
242
210
694
644
184
500
187
414
938
272
198
687
319
686
189
31
244
301
780
248
79
550
515
416
70
627
165
474
206
221
297
619
412
593
494
504
368
314
873
447
336
164
866
356
709
339
901
159
528
390
536
254
422
599
393
531
492
846
661
747
774
363
90
526
893
246
548
382
30
288
211
646
449
488
882
778
353
147
871
828
862
715
402
410
590
427
401
865
605
878
943
561
690
234
208
635
180
202
1
453
389
770
945
680
806
125
32
562
872
563
896
325
222
633
713
302
643
551
918
434
352
906
532
909
344
659
525
381
286
384
267
813
501
41
788
137
580
487
148
768
689
92
10
649
330
131
669
864
476
223
312
506
120
448
851
665
595
516
142
315
589
642
7
284
671
158
848
329
226
766
52
298
512
664
821
388
672
833
396
406
722
702
870
341
939
513
591
763
555
475
333
262
765
815
508
583
176
749
355
684
192
97
534
418
65
283
638
699
306
899
568
265
660
897
827
547
868
212
293
183
673
126
94
463
33
594
861
340
437
916
823
300
841
636
421
879
462
386
337
39
433
230
358
470
679
929
503
538
496
719
146
327
688
144
107
243
662
44
110
139
885
913
446
931
637
440
654
387
89
313
276
69
586
182
459
510
910
23
811
28
521
600
530
455
729
881
761
227
653
123
75
809
50
136
12
726
119
67
701
723
257
27
771
655
438
209
42
425
592
889
430
103
624
704
155
489
546
43
122
143
461
683
128
133
569
849
558
292
171
772
793
4
77
105
473
634
145
444
677
54
132
843
61
892
802
169
912
898
29
80
55
876
944
173
936
76
933
767
364
62
163
229
560
417
138
554
37
174
509
743
370
908
574
932
621
739
161
121
407
502
825
331
676
877
524
615
134
423
527
245
268
435
854
35
762
789
156
541
617
361
940
596
111
612
373
486
237
445
720
19
794
796
170
746
656
11
426
371
195
481
108
499
667
792
304
518
607
178
575
758
553
717
639
420
925
36
691
271
22
190
127
45
216
753
140
